>
-18.1769142654999 64.55952174
-18.053929319 64.6145597560001
-18.0536494429999 64.6145428360001
-18.053201831 64.614548084
-18.052489548 64.614586172
-18.05224329 64.614577298
-18.052043069 64.6145464240001
-18.051848005 64.614460976
-18.051807782 64.6144022830001
-18.051822833 64.61430247
-18.052000337 64.6141306590001
-18.052217394 64.61400703
-18.0531465989999 64.6135632290001
-18.053393436 64.613468912
-18.053592673 64.6134352710001
-18.053815207 64.6134571470001
-18.053920621 64.613494985
-18.0540498309999 64.6135814470001
-18.054370601 64.613923212
-18.0546571519999 64.6141315230001
-18.054996616 64.6143170880001
-18.0552802729999 64.614399641
-18.0555707029999 64.614424075
-18.0558309909999 64.6144106840001
-18.0561298169999 64.6143646520001
-18.0565351889999 64.6142650580001
-18.0570474809999 64.614102879
-18.057641292 64.6138718880001
-18.059131937 64.613164698
-18.0607273259999 64.6125839440001
-18.0619487009999 64.6120801420001
-18.062838067 64.6117582780001
-18.0631628959999 64.6116232910001
-18.0634777 64.6114365270001
-18.064028279 64.6109580020001
-18.0644258579999 64.610669037
-18.064715524 64.6105065450001
-18.065504641 64.6101364830001
-18.065726592 64.609964378
-18.0660720069999 64.609512748
-18.066295967 64.6093055540001
-18.06658779 64.609115199
-18.0672041399999 64.608809481
-18.067331453 64.6086884380001
-18.067356031 64.6085364990001
-18.067300261 64.6083720020001
-18.0668305199999 64.6077030770001
-18.0667315059999 64.6075096860001
-18.0666783899999 64.6072219160001
-18.0666598299999 64.6065893520001
-18.066714163 64.606442783
-18.0668194859999 64.6063363640001
-18.0670137989999 64.606231902
-18.067381317 64.6060836020001
-18.06749509 64.6059980520001
-18.0675143779999 64.605914205
-18.0674109459999 64.605669553
-18.0674691359999 64.605576038
-18.0676110119999 64.6055011130001
-18.067831736 64.605444478
-18.068272677 64.6053940730001
-18.070131585 64.6052677000001
-18.0713592459999 64.6052650240001
-18.071604269 64.6052414660001
-18.071835243 64.605196414
-18.072008642 64.605142733
-18.072278512 64.60502232
-18.0732662419999 64.6044587980001
-18.073573085 64.6042569160001
-18.0739203749999 64.6039519760001
-18.074158989 64.603806976
-18.07440836 64.6037091910001
-18.0747288759999 64.6036133310001
-18.075399384 64.6034411190001
-18.07589374 64.6033324960001
-18.076522702 64.603241971
-18.076777583 64.6032270680001
-18.0770539439999 64.6032297240001
-18.077472493 64.6032724470001
-18.0782510779999 64.6034225910001
-18.0786505369999 64.6034476390001
-18.0789319049999 64.6034269890001
-18.0791953459999 64.6033857640001
-18.0796391329999 64.6032911940001
-18.0799118429999 64.6032160400001
-18.0801541549999 64.603126102
-18.0804274979999 64.602981641
-18.081158226 64.602442378
-18.081690436 64.602122396
-18.0822182749999 64.6018735280001
-18.0834131399999 64.6013870360001
-18.084302758 64.600968327
-18.084775806 64.6007111820001
-18.0852257669999 64.600394538
-18.085571381 64.6002331170001
-18.0860387129999 64.600103104
-18.086639717 64.599996434
-18.0872200809999 64.5999263250001
-18.088560968 64.5998052050001
-18.089629389 64.599664503
-18.09017246 64.5995758110001
-18.0906977889999 64.599468275
-18.091160778 64.599351767
-18.0916162079999 64.5992087550001
-18.09207592 64.5990254060001
-18.0925879059999 64.598776049
-18.0929649999999 64.598557365
-18.093320462 64.598284402
-18.0935417749999 64.5980370940001
-18.0936196989999 64.597863251
-18.0936188659999 64.5976954440001
-18.0935553919999 64.597571256
-18.093327571 64.597296719
-18.0932930279999 64.5971869730001
-18.0933455329999 64.5970922110001
-18.0934568709999 64.5970360810001
-18.093715813 64.596991179
-18.094558606 64.5969783250001
-18.0948509139999 64.596959601
-18.0951579499999 64.5969159540001
-18.0954072 64.596859201
-18.0956406719999 64.5967817850001
-18.095886574 64.5966543740001
-18.096089408 64.5964946280001
-18.096557224 64.5960510350001
-18.096825215 64.5959095850001
-18.097132137 64.5958405270001
-18.0981018109999 64.5957865410001
-18.099004705 64.5956828660001
-18.0994515849999 64.5956146020001
-18.0997804969999 64.595542132
-18.1000183369999 64.59546285
-18.100197196 64.59537005
-18.1003019779999 64.5952678880001
-18.1003218559999 64.5951966860001
-18.100287393 64.5950933550001
-18.100120021 64.5949280290001
-18.099750032 64.594707746
-18.099377268 64.5945606440001
-18.0987863029999 64.5943839500001
-18.098181192 64.5942539820001
-18.097668784 64.5942048470001
-18.097146978 64.59420935
-18.096592546 64.594268883
-18.095336769 64.5944855050001
-18.0947835769999 64.5945464920001
-18.094192802 64.594551772
-18.093239576 64.59447571
-18.092797278 64.5944632310001
-18.091918382 64.594519883
-18.0912044209999 64.5946087
-18.090873379 64.5946858470001
-18.0905288559999 64.5948207850001
-18.0902963999999 64.594951548
-18.0897388999999 64.595321606
-18.0893970939999 64.595468688
-18.0888838079999 64.5956044060001
-18.0875231539999 64.5958957990001
-18.0872359269999 64.5959431190001
-18.086822088 64.595984408
-18.086236081 64.596008436
-18.0847852709999 64.59599481
-18.0840333949999 64.596016224
-18.083584241 64.5960557430001
-18.082444977 64.596216833
-18.0821803599999 64.596238833
-18.0818047249999 64.5962468370001
-18.0803744319999 64.596136078
-18.0798808979999 64.5961268450001
-18.079115455 64.5961441580001
-18.078887181 64.5961127240001
-18.0787592049999 64.5960509290001
-18.0783860519999 64.5957587230001
-18.07801753 64.5955492910001
-18.0775803349999 64.5953446350001
-18.0767817999999 64.5950132
-18.0765348039999 64.594881328
-18.076478903 64.5948087630001
-18.076481959 64.5947666070001
-18.0765591059999 64.5946955190001
-18.0768039829999 64.594613005
-18.077072485 64.5945788550001
-18.0775860969999 64.594578046
-18.0780991 64.5946308370001
-18.0785304149999 64.594724189
-18.078920196 64.5948649360001
-18.0790604059999 64.59487699
-18.0792574979999 64.5948482860001
-18.0794577949999 64.5947937990001
-18.079700064 64.5947113280001
-18.079922892 64.594607453
-18.0801275709999 64.594467471
-18.080339943 64.5942538370001
-18.0810767689999 64.5931219970001
-18.081198087 64.5929783620001
-18.081397339 64.5928082180001
-18.081873296 64.5924918440001
-18.082102698 64.5922868900001
-18.082397192 64.591917343
-18.082481017 64.5916721850001
-18.082409969 64.5914243340001
-18.082186404 64.591130563
-18.0815697379999 64.590463576
-18.080855475 64.589844756
-18.080643954 64.5896003970001
-18.0805725829999 64.5893499630001
-18.080644449 64.588938172
-18.0806127929999 64.5888269500001
-18.0805264809999 64.5887300700001
-18.080402115 64.588668096
-18.080265671 64.5886335440001
-18.0801070809999 64.5886139190001
-18.0798526089999 64.5886113220001
-18.0795458439999 64.588643016
-18.0786917 64.588795066
-18.0785061889999 64.588807956
-18.078291497 64.5888016230001
-18.078096404 64.5887726940001
-18.0779051179999 64.588719413
-18.077462796 64.5885154310001
-18.0772454749999 64.588382171
-18.0770963959999 64.5882511470001
-18.076944532 64.588000714
-18.076938296 64.587767904
-18.077154191 64.587151234
-18.077203109 64.5868972440001
-18.077134842 64.5866535930001
-18.0769699969999 64.5864728880001
-18.076787382 64.586347678
-18.076514728 64.586219434
-18.074700504 64.585618196
-18.074088968 64.5853583370001
-18.073738374 64.5851778620001
-18.072765341 64.584607824
-18.072575453 64.5844465690001
-18.0725097879999 64.5843340180001
-18.072527866 64.5841672290001
-18.072631326 64.5840517490001
-18.072730775 64.583993681
-18.07305422 64.58390231
-18.073855742 64.5837705920001
-18.0742718559999 64.5836391190001
-18.0745411089999 64.583511436
-18.0747261179999 64.5833836580001
-18.0748844399999 64.5832108370001
-18.074945117 64.583095391
-18.0749782089999 64.582921991
-18.07495605 64.582775461
-18.074870258 64.5826179160001
-18.074744304 64.5824792000001
-18.074421136 64.5822628350001
-18.0734192259999 64.5818653630001
-18.073285417 64.5817919310001
-18.0732329059999 64.5817204530001
-18.0732381629999 64.5816080920001
-18.0733238179999 64.5814889900001
-18.074040441 64.581006153
-18.074305254 64.5807705220001
-18.0744152299999 64.580626167
-18.074448006 64.580419056
-18.074225192 64.5799239770001
-18.0742710599999 64.579762428
-18.0743604699999 64.579678282
-18.074494526 64.5796017910001
-18.074818216 64.579484951
-18.076128114 64.579191376
-18.076613306 64.5790471160001
-18.076864123 64.578927176
-18.076985254 64.5788474120001
-18.0771552689999 64.5786826560001
-18.077226561 64.5785517640001
-18.077240171 64.5783335260001
-18.0770883819999 64.577832286
-18.07702505 64.5774559270001
-18.0770310939999 64.577279425
-18.0771154299999 64.5769232870001
-18.0770676659999 64.5766679170001
-18.076908836 64.576444193
-18.076488984 64.576078083
-18.076140183 64.5758236040001
-18.075536411 64.5754936330001
-18.075396322 64.575379437
-18.075260225 64.5752082590001
-18.075210021 64.575059148
-18.075245918 64.5748247060001
-18.07575437 64.574363195
-18.0761794539999 64.5741648740001
-18.0770566159999 64.5739052380001
-18.077742706 64.5737410580001
-18.078988609 64.5736294170001
-18.079456407 64.5736206970001
-18.079701389 64.5736408230001
-18.079975276 64.5737226630001
-18.0802023009999 64.573865966
-18.080329908 64.5739936840001
-18.0804218009999 64.5742312040001
-18.080534741 64.574291729
-18.0807263249999 64.574325516
-18.080988373 64.574337106
-18.0811673759999 64.5743279270001
-18.081601282 64.5742634600001
-18.081726976 64.5742656030001
-18.081850916 64.5742979070001
-18.082112083 64.5744214590001
-18.08229499 64.5744764120001
-18.082957124 64.5746202380001
-18.0832429889999 64.5746672590001
-18.083539339 64.574689128
-18.0839073299999 64.5746909910001
-18.0848295119999 64.5746482600001
-18.0855913999999 64.5746957760001
-18.0858848509999 64.5746641910001
-18.086021552 64.5746235600001
-18.0861651119999 64.574545351
-18.0867674469999 64.574081177
-18.0869456419999 64.5739712700001
-18.0871617999999 64.5738909240001
-18.0874388559999 64.5738625970001
-18.087661118 64.5738788180001
-18.087768097 64.5739266830001
-18.0878214169999 64.5739819410001
-18.087957694 64.5745573120001
-18.0880435839999 64.574722562
-18.088179633 64.574801979
-18.0884634729999 64.5748533840001
-18.089732188 64.5749211670001
-18.0904590379999 64.5750212020001
-18.0907304949999 64.5750268470001
-18.0910715429999 64.5749930520001
-18.0917762719999 64.57482803
-18.093182354 64.5745951170001
-18.093437415 64.5745646770001
-18.093768569 64.5745699990001
-18.0952320869999 64.57467905
-18.095653295 64.5746736940001
-18.0958932639999 64.5746394810001
-18.096367992 64.5745397150001
-18.0968419549999 64.5743718530001
-18.0975263409999 64.5741853320001
-18.097915531 64.5741066040001
-18.098711024 64.5739903090001
-18.098958438 64.5739320000001
-18.099161954 64.5738288590001
-18.0994954989999 64.5735477740001
-18.100112829 64.573154903
-18.10041401 64.572998344
-18.100725687 64.5728722470001
-18.1010297779999 64.5727736000001
-18.1012985099999 64.5727133030001
-18.1015247679999 64.572689569
-18.101752403 64.5727104810001
-18.1019015119999 64.5727622250001
-18.1019807119999 64.5728374450001
-18.1019787139999 64.5728936020001
-18.101868157 64.5729879030001
-18.101468715 64.573160456
-18.1013643909999 64.5732226370001
-18.101234108 64.5733823800001
-18.101219817 64.573554749
-18.1015963309999 64.5740618550001
-18.101747577 64.574177154
-18.101983903 64.574298329
-18.102286986 64.5743882070001
-18.102575702 64.5744377170001
-18.103824936 64.5745824510001
-18.1045300219999 64.5746475290001
-18.105158087 64.574737166
-18.1053709399999 64.5747468810001
-18.105735491 64.5747345180001
-18.1061672069999 64.574701598
-18.1064291329999 64.574665542
-18.106730849 64.574578972
-18.1070239979999 64.5744548920001
-18.1074166559999 64.5741790760001
-18.1076747339999 64.5740297850001
-18.1083772699999 64.5737415720001
-18.1086712979999 64.573598868
-18.108814539 64.573581076
-18.1090768879999 64.5736912950001
-18.109261187 64.5737344140001
-18.109369236 64.573742936
-18.1105840979999 64.573615793
-18.1109511249999 64.573547696
-18.1110707629999 64.5734901070001
-18.1111633479999 64.573415734
-18.1112782459999 64.5731864510001
-18.1112888609999 64.5730749680001
-18.1112087289999 64.5729029130001
-18.1112067789999 64.572816006
-18.111253474 64.5727618940001
-18.1114400069999 64.5726865520001
-18.111787056 64.572634296
-18.112034459 64.5726427760001
-18.112181446 64.572674014
-18.1127282759999 64.5728519730001
-18.113594281 64.5730457230001
-18.113889554 64.5730800540001
-18.1141445279999 64.5730633100001
-18.114406881 64.573015948
-18.1145886369999 64.572950732
-18.1148312079999 64.5727885740001
-18.115053073 64.5725863100001
-18.115165423 64.5725311520001
-18.1155107509999 64.572423901
-18.115656819 64.572295432
-18.115750439 64.572269421
-18.1161814449999 64.5722167210001
-18.116234224 64.5721836530001
-18.116226217 64.572094613
-18.1162577809999 64.572072265
-18.116541148 64.5720158340001
-18.1166257319999 64.5719816480001
-18.1165915139999 64.571916367
-18.1162725259999 64.571743666
-18.1160735559999 64.571570191
-18.115881777 64.57133521
-18.1157956059999 64.571106184
-18.115970502 64.570591935
-18.116037422 64.57028625
-18.116153757 64.570172095
-18.116355937 64.570068856
-18.11643944 64.569988288
-18.116379492 64.569810327
-18.1164574389999 64.5696007610001
-18.1163855359999 64.5694258500001
-18.1163105589999 64.5693764210001
-18.1159177989999 64.5692839420001
-18.115775019 64.5692135400001
-18.115735726 64.56911561
-18.115771933 64.5688701700001
-18.1156854879999 64.5687654210001
-18.1155372429999 64.56866173
-18.1152064509999 64.5685035010001
-18.1141102019999 64.5680828000001
-18.113934173 64.5679878730001
-18.113469396 64.567530107
-18.1134295959999 64.567438844
-18.113441157 64.567387507
-18.113517467 64.5673354080001
-18.1136721519999 64.5673013250001
-18.1137702579999 64.567296737
-18.114075828 64.567333825
-18.114717056 64.5675687770001
-18.1153457949999 64.5677661730001
-18.115567369 64.567812927
-18.1157958209999 64.567825505
-18.116484296 64.567764627
-18.1168802349999 64.5677663110001
-18.117370676 64.5676487420001
-18.118040133 64.567546168
-18.118770114 64.567409474
-18.118972157 64.5673956090001
-18.1197082899999 64.5673887120001
-18.119920764 64.567369555
-18.1200765569999 64.567339046
-18.120301253 64.5672068050001
-18.1206986729999 64.5670195420001
-18.1210935079999 64.566729696
-18.121428215 64.566623328
-18.1217159829999 64.566503078
-18.1225486719999 64.5662336490001
-18.122734044 64.566126436
-18.122772213 64.5659810430001
-18.122674978 64.565792543
-18.122483141 64.5656164930001
-18.122184811 64.565454049
-18.122154676 64.5653937450001
-18.122265022 64.5653222020001
-18.1232436929999 64.5650585660001
-18.123494422 64.5649497420001
-18.12352548 64.56489967
-18.123505517 64.564848732
-18.123221214 64.5646692120001
-18.1232035049999 64.5646349950001
-18.123228088 64.564603925
-18.123300914 64.5645848360001
-18.1247769399999 64.564558295
-18.1249528439999 64.5645771100001
-18.1254228359999 64.5648348400001
-18.1259447909999 64.5650620490001
-18.1264999209999 64.5652438700001
-18.126873071 64.565389473
-18.127038291 64.5654300740001
-18.127258968 64.5654460660001
-18.127509882 64.56542562
-18.127676424 64.5653935190001
-18.128417838 64.5651507590001
-18.128830415 64.5650974180001
-18.129666232 64.565056165
-18.130054291 64.5650138680001
-18.1302992559999 64.5649636800001
-18.130645151 64.564839944
-18.1307832699999 64.5648132690001
-18.131050972 64.5648043130001
-18.1315870299999 64.5648475990001
-18.1316723259999 64.564843065
-18.1317291039999 64.5648042930001
-18.131715712 64.564646886
-18.1317858419999 64.5644914000001
-18.1318635819999 64.564422676
-18.132069106 64.5643145180001
-18.1321507 64.5641010950001
-18.132091831 64.5640270330001
-18.1318785989999 64.563944319
-18.131846826 64.5638192430001
-18.1319137359999 64.5637533510001
-18.132142362 64.5636413660001
-18.1323450199999 64.5635637140001
-18.132546889 64.563516206
-18.1331703119999 64.563493308
-18.133399902 64.5634556380001
-18.133514869 64.5633844450001
-18.133592192 64.5632436720001
-18.133807438 64.5631772720001
-18.1338877069999 64.5631766390001
-18.133946415 64.5631988470001
-18.134065253 64.563386472
-18.134132269 64.563413951
-18.134243555 64.5634067030001
-18.134341616 64.5632967500001
-18.1343731059999 64.563047989
-18.134436922 64.562883739
-18.134566675 64.562761251
-18.134799933 64.5626499140001
-18.135033146 64.562572946
-18.1352742409999 64.5625324960001
-18.1361234089999 64.5625090840001
-18.13633412 64.5624893730001
-18.1366085079999 64.5624375360001
-18.1367994039999 64.5623601170001
-18.1368683069999 64.5622916900001
-18.13686544 64.5622533920001
-18.1366970619999 64.562089223
-18.136672806 64.5619621430001
-18.136757869 64.5618395920001
-18.136979799 64.5617396710001
-18.137836111 64.5615622660001
-18.1382960619999 64.5615314020001
-18.1389992749999 64.5615361310001
-18.139074421 64.56152437
-18.139077084 64.561504348
-18.139011304 64.561476575
-18.138762557 64.5614406990001
-18.137909678 64.5614200580001
-18.1376184609999 64.561404897
-18.1375144359999 64.561386455
-18.137503981 64.5613400650001
-18.1377572059999 64.561172565
-18.137773265 64.5610637950001
-18.137650069 64.5609728750001
-18.137233522 64.560843731
-18.137154116 64.5608005570001
-18.1371826819999 64.560758976
-18.1374865079999 64.56062002
-18.1375111419999 64.560575709
-18.137487958 64.560538799
-18.1373003689999 64.560441358
-18.13677927 64.5602869480001
-18.136677107 64.5602325840001
-18.1366663329999 64.5601947700001
-18.136783904 64.5601353820001
-18.1370582989999 64.5600884900001
-18.138540825 64.560026742
-18.138659613 64.5600180110001
-18.1388460109999 64.559976115
-18.138969764 64.5599128750001
-18.1390283169999 64.5598182420001
-18.1389508849999 64.5595840140001
-18.138965707 64.5594815470001
-18.139045617 64.5593949280001
-18.1392524309999 64.5592425560001
-18.1394110369999 64.5591663810001
-18.139589847 64.5591205470001
-18.139868522 64.5590983290001
-18.140118779 64.559106694
-18.14020906 64.55908048
-18.1402185379999 64.559020607
-18.1399992569999 64.558709057
-18.1397839119999 64.5585686700001
-18.139509485 64.558444089
-18.139492542 64.558415632
-18.139632003 64.558407533
-18.140037911 64.558467003
-18.140159012 64.5584493270001
-18.140457118 64.558260798
-18.1407835369999 64.5581794620001
-18.140878007 64.5581413260001
-18.1409044499999 64.558084637
-18.140859479 64.558035239
-18.140453888 64.5578305270001
-18.1403081469999 64.5577174110001
-18.140184663 64.557565475
-18.1399048129999 64.557471756
-18.139659889 64.557446526
-18.1394332579999 64.557454916
-18.138709251 64.5575514450001
-18.138350336 64.5575799700001
-18.1381768549999 64.5575605020001
-18.138139173 64.5575044280001
-18.138225382 64.5574430090001
-18.1384062 64.557383422
-18.1390166809999 64.5572720820001
-18.1399384229999 64.557161346
-18.141240357 64.5571062170001
-18.141670824 64.55703801
-18.141699869 64.5570217420001
-18.141651634 64.5569864490001
-18.141348116 64.5568906330001
-18.141316031 64.5568572400001
-18.141344471 64.5568213500001
-18.14150727 64.5567738240001
-18.142005313 64.556717436
-18.142049523 64.5567011900001
-18.142039822 64.556676908
-18.1416449929999 64.5566264460001
-18.141053917 64.5566209850001
-18.1407548189999 64.5565989090001
-18.140525335 64.556537425
-18.140496931 64.5564917450001
-18.1406396429999 64.556444329
-18.141190272 64.556349024
-18.141764237 64.556120923
-18.14189898 64.555959371
-18.141994855 64.5556817940001
-18.1419997949999 64.5555557970001
-18.1419528499999 64.5554252740001
-18.1418734919999 64.555318024
-18.1416297669999 64.5551475460001
-18.141457729 64.55508059
-18.141253779 64.5550599040001
-18.141021974 64.5550653590001
-18.140166457 64.5551655530001
-18.1399773119999 64.5551648580001
-18.13992216 64.555147898
-18.139957989 64.5551009430001
-18.1400635809999 64.5550624320001
-18.140710726 64.5549277090001
-18.141009445 64.5548484700001
-18.141311414 64.5547016310001
-18.1414647789999 64.554578699
-18.141443447 64.5544963390001
-18.1412462229999 64.5543980290001
-18.1410831859999 64.5543722530001
-18.140739256 64.554355958
-18.140636377 64.5543158940001
-18.1406637179999 64.5542632790001
-18.1409611989999 64.5540841120001
-18.141056353 64.553981703
-18.1410367149999 64.5538797890001
-18.1409167479999 64.5536482850001
-18.140789518 64.5535473880001
-18.140687505 64.55352278
-18.140569177 64.5535209180001
-18.140114184 64.5536192820001
-18.140025614 64.5536206460001
-18.139859497 64.553545811
-18.1396158489999 64.5533537200001
-18.1395349919999 64.5533326070001
-18.139391793 64.5533440950001
-18.139105308 64.5534233920001
-18.138887139 64.55346545
-18.1386893929999 64.553471378
-18.1385537529999 64.5534416040001
-18.1384672839999 64.553390327
-18.1381656789999 64.553119017
-18.137697997 64.5525235060001
-18.1375638609999 64.5524272490001
-18.1369631549999 64.5521806900001
-18.1365047099999 64.5520194630001
-18.1362379779999 64.5519649880001
-18.1357797219999 64.551934788
-18.135702754 64.5519178370001
-18.1356434749999 64.5517874180001
-18.1354779489999 64.5517169
-18.135312089 64.551713314
-18.1348842639999 64.5517609450001
-18.134498122 64.551832878
-18.1341786949999 64.551938083
-18.1333723179999 64.5522582350001
-18.1330977819999 64.552331403
-18.1328848599999 64.5523551910001
-18.132787532 64.5523378410001
-18.132734822 64.5522745260001
-18.1327767619999 64.552176403
-18.132980162 64.5519456590001
-18.13298277 64.551902194
-18.132921637 64.551883563
-18.132654154 64.551879334
-18.132566283 64.5518552670001
-18.132525216 64.5518188240001
-18.1324755919999 64.5516432250001
-18.1324060159999 64.5515808120001
-18.132325054 64.5515485230001
-18.132134267 64.5515301410001
-18.131670309 64.5515678840001
-18.130646645 64.551754761
-18.130296366 64.551797229
-18.1303042449999 64.5517711910001
-18.1307931329999 64.5516109380001
-18.131168069 64.551454096
-18.131700763 64.5511680050001
-18.131833689 64.5510560550001
-18.1318894899999 64.5509612070001
-18.131868486 64.550691021
-18.131837479 64.5506284510001
-18.1317830359999 64.550593576
-18.1317348539999 64.550598764
-18.1314824899999 64.550783424
-18.131409095 64.5508109990001
-18.13134113 64.5508075820001
-18.131164283 64.5507405710001
-18.130856631 64.550561745
-18.1305206339999 64.5504571760001
-18.13018231 64.5504147770001
-18.1297341809999 64.5504370130001
-18.129491647 64.5504177610001
-18.1294083349999 64.5503684760001
-18.129261883 64.550177444
-18.129117704 64.5501027760001
-18.128932332 64.5500647100001
-18.128626127 64.550065449
-18.128362366 64.550101166
-18.127749364 64.5502975320001
-18.1275742569999 64.5503342660001
-18.1272099139999 64.550354504
-18.126828232 64.5504079550001
-18.1262953259999 64.5503966730001
-18.1261157879999 64.5504064900001
-18.1256897179999 64.550528055
-18.125185447 64.550708157
-18.1248755989999 64.550776495
-18.124633859 64.5507940250001
-18.124388747 64.5507843650001
-18.123761612 64.5507242350001
-18.123456759 64.5506505920001
-18.1232614629999 64.550668219
-18.123080794 64.5507062250001
-18.1228602309999 64.550787805
-18.1227008879999 64.5509206680001
-18.1225944839999 64.5511232970001
-18.122566691 64.551421067
-18.122481933 64.551527621
-18.122332017 64.551606602
-18.121971941 64.551692351
-18.1216061499999 64.5517432670001
-18.1209255319999 64.551738884
-18.120484845 64.551757197
-18.120182889 64.5517902710001
-18.119921275 64.551849716
-18.119536244 64.5519757430001
-18.119246677 64.552133837
-18.119114644 64.552238371
-18.11893015 64.552488522
-18.118685405 64.552642163
-18.1184051229999 64.552744815
-18.118020354 64.5528513620001
-18.117597243 64.5529288560001
-18.117356548 64.552951357
-18.1171339489999 64.552948127
-18.117028659 64.5529276510001
-18.11665536 64.552729626
-18.11652154 64.552684953
-18.116253027 64.552632159
-18.11551759 64.5525298570001
-18.1150305579999 64.552400531
-18.114924114 64.5523487680001
-18.1147360379999 64.552168474
-18.114500318 64.5520307470001
-18.11413977 64.551893637
-18.113903195 64.5518536720001
-18.1131362849999 64.551835258
-18.112458186 64.5517982090001
-18.1116423729999 64.5518730260001
-18.1111919529999 64.55187361
-18.110643624 64.5518224750001
-18.109573799 64.5516706450001
-18.1089660549999 64.55167004
-18.1084776509999 64.5515868890001
-18.1083025729999 64.55157387
-18.107827636 64.5516169690001
-18.107211175 64.55165141
-18.106692413 64.551651813
-18.105408816 64.5515465920001
-18.1042053969999 64.5514806090001
-18.104002103 64.5514576750001
-18.1033297399999 64.551337178
-18.102640612 64.5512782380001
-18.102309443 64.55128855
-18.102044518 64.5513173990001
-18.1010474949999 64.551523993
-18.100789778 64.551557034
-18.1004254929999 64.5515731670001
-18.099739268 64.551562211
-18.098941587 64.551604507
-18.0970368769999 64.5519054380001
-18.095576673 64.5520220830001
-18.095270652 64.5520117520001
-18.0950685609999 64.551971515
-18.0948719309999 64.551890665
-18.0945478589999 64.5517097060001
-18.094272368 64.5516203920001
-18.0940330289999 64.5515765870001
-18.0935950329999 64.5515269140001
-18.093202396 64.5515220510001
-18.092825552 64.5515893360001
-18.092260719 64.5517528660001
-18.0913607419999 64.5519058580001
-18.0909063729999 64.5520272950001
-18.0905509899999 64.552122271
-18.0902742219999 64.552134929
-18.0899926779999 64.5520960010001
-18.089729217 64.5519862020001
-18.089553478 64.5519129620001
-18.0892705109999 64.551841391
-18.089101205 64.551798568
-18.088913251 64.5517174880001
-18.088679632 64.5516551950001
-18.0885883139999 64.551566742
-18.088561429 64.551431366
-18.088512465 64.5513029200001
-18.0886355609999 64.551189622
-18.088690863 64.55112153
-18.088602871 64.55097841
-18.0886986959999 64.550887759
-18.0887927979999 64.550848423
-18.088609559 64.550778849
-18.0885463569999 64.550687209
-18.08854865 64.5506187880001
-18.0885518979999 64.5505218580001
-18.0883399689999 64.550417365
-18.088521914 64.550227879
-18.089161831 64.5499234440001
-18.089170015 64.549679058
-18.08901287 64.5495534010001
-18.0887891799999 64.5491825930001
-18.08863464 64.5490072170001
-18.088682391 64.548902781
-18.088746785 64.5487619640001
-18.088814742 64.548613339
-18.0889952549999 64.5484810240001
-18.089242116 64.5483778190001
-18.08934677 64.5482261280001
-18.089341604 64.548049953
-18.08927039 64.547863847
-18.0892311389999 64.547761263
-18.089114093 64.5475332950001
-18.089139686 64.547527798
-18.089648568 64.5475053600001
-18.09030388 64.5473231810001
-18.0904461069999 64.5471145430001
-18.090393106 64.5468299020001
-18.090644787 64.5466751420001
-18.09089166 64.5464701050001
-18.0910465159999 64.54630079
-18.091049407 64.546214273
-18.090970221 64.5461409220001
-18.0908592219999 64.546081901
-18.090731756 64.5460141180001
-18.0905797419999 64.545993681
-18.090500306 64.5456399970001
-18.0905093489999 64.5455530930001
-18.0904389259999 64.5453431890001
-18.0906139059999 64.545072915
-18.090712641 64.5449860960001
-18.090793778 64.5449147510001
-18.09089884 64.5448223640001
-18.0908612809999 64.5446221860001
-18.090937663 64.5443227370001
-18.090747176 64.544064485
-18.0902442139999 64.5439067500001
-18.09012611 64.5437824470001
-18.090080257 64.5436859750001
-18.090071054 64.5434941180001
-18.0899600829999 64.5433279310001
-18.089931266 64.5432289500001
-18.0900102959999 64.543073496
-18.090371456 64.54278838
-18.09046139 64.5426746530001
-18.0904290039999 64.5425242690001
-18.0902181079999 64.5423328860001
-18.090185043 64.54224086
-18.0903046719999 64.541906071
-18.0902995129999 64.54151268
-18.0904280139999 64.541161157
-18.0904691 64.540934776
-18.090472436 64.54064649
-18.090432517 64.540370142
-18.0904668769999 64.5401477330001
-18.090432081 64.540000611
-18.090348956 64.5399157150001
-18.0902124099999 64.5398576690001
-18.089749486 64.539752929
-18.089580719 64.53969447
-18.0894614759999 64.5396045530001
-18.089321995 64.539377121
-18.0891942719999 64.5393080970001
-18.088399415 64.5390907600001
-18.0882636159999 64.539026565
-18.0879815559999 64.5388373930001
-18.087715461 64.538712579
-18.086511378 64.538302199
-18.085726085 64.5379856210001
-18.0849122449999 64.5377326240001
-18.084686556 64.537603898
-18.0845003809999 64.5373689200001
-18.08433199 64.5372557520001
-18.0838883449999 64.5370678080001
-18.08355083 64.5369694290001
-18.0831072679999 64.536867052
-18.0827501589999 64.5367290890001
-18.0824291659999 64.536441376
-18.082169988 64.536316271
-18.081733431 64.5361417780001
-18.0814060669999 64.5359238820001
-18.0811508529999 64.535564208
-18.081140804 64.535458674
-18.081211615 64.5351564810001
-18.0811755199999 64.5350585800001
-18.081124722 64.535010706
-18.08094614 64.5349288950001
-18.080907392 64.5349245890001
-18.0808249529999 64.5349508900001
-18.080697271 64.5349534200001
-18.080513202 64.534904205
-18.0803969909999 64.5348149340001
-18.0801335309999 64.534499704
-18.07970692 64.5343409910001
-18.0796637669999 64.534312588
-18.079671984 64.5342866810001
-18.079808376 64.5342529340001
-18.080731692 64.5341433420001
-18.081368805 64.5341410200001
-18.082257147 64.5342096210001
-18.082645159 64.5342150920001
-18.0829272889999 64.534185188
-18.0833996339999 64.5340967430001
-18.083680592 64.5340612690001
-18.084379218 64.5340408880001
-18.085428344 64.5340685630001
-18.0867204639999 64.5340813440001
-18.0872529869999 64.534111351
-18.088499563 64.5342272290001
-18.0892193 64.5342562290001
-18.0896745319999 64.5342545920001
-18.0900841499999 64.534224426
-18.090383592 64.5341730120001
-18.090642924 64.5340916490001
-18.091105189 64.533895853
-18.091312103 64.533842082
-18.091610203 64.53380359
-18.0919579489999 64.533804219
-18.092126562 64.53382494
-18.0923535379999 64.5338777430001
-18.093332994 64.5342051480001
-18.093863303 64.534337254
-18.093987791 64.5344067790001
-18.0942097929999 64.534601588
-18.094424052 64.534693368
-18.0946428949999 64.534746209
-18.09483883 64.5347599140001
-18.095080944 64.534729101
-18.0957472649999 64.5344716700001
-18.095914019 64.53444153
-18.095990166 64.534454404
-18.096032071 64.534735896
-18.0961871869999 64.535153387
-18.096129655 64.5352677670001
-18.095827092 64.53550068
-18.095706503 64.53562127
-18.0956883219999 64.5357057190001
-18.0957148599999 64.5357562280001
-18.095776745 64.53579503
-18.095849347 64.5358048630001
-18.095991205 64.535756587
-18.0964238989999 64.5354614670001
-18.0979351839999 64.5346307070001
-18.098291821 64.53449068
-18.098510201 64.5344657780001
-18.0985919999999 64.534499784
-18.0985980149999 64.5345872510001
-18.098384225 64.5350071820001
-18.0981362589999 64.5353376830001
-18.0977137859999 64.5357294030001
-18.097572827 64.535938505
-18.097390683 64.5361147400001
-18.0974324979999 64.5363250140001
-18.097576045 64.5364099000001
-18.0980955869999 64.5364590990001
-18.09816539 64.5365223310001
-18.098362817 64.5366233290001
-18.099130854 64.536894998
-18.099019206 64.537027811
-18.0995565859999 64.537232057
-18.1000836499999 64.5372968560001
-18.100982589 64.53740737
-18.101640415 64.5374323980001
-18.102781192 64.537607386
-18.103463758 64.5376220540001
-18.104045658 64.5377306140001
-18.1044620019999 64.5377427770001
-18.1048309679999 64.537588391
-18.105127786 64.5374641920001
-18.105885937 64.537405805
-18.1062469849999 64.537224393
-18.106383712 64.537081271
-18.106738306 64.5371902460001
-18.1071096009999 64.5372352960001
-18.107494378 64.537248333
-18.107781345 64.5372126340001
-18.10804683 64.5371143770001
-18.108108385 64.537091597
-18.108408648 64.537029234
-18.108933775 64.537026998
-18.108963839 64.5372775020001
-18.109153115 64.5374571620001
-18.109589377 64.537543816
-18.1100558749999 64.5374521360001
-18.110501413 64.53725532
-18.1107837509999 64.5371950910001
-18.11112098 64.537201656
-18.1113956729999 64.537223194
-18.1117161769999 64.5372131390001
-18.111970384 64.537180656
-18.1123872219999 64.5371009610001
-18.112486513 64.537108136
-18.112681139 64.5371533740001
-18.1129150589999 64.5371527470001
-18.1140593489999 64.53700022
-18.114710626 64.536864123
-18.11526853 64.5368822280001
-18.1158641549999 64.5368318610001
-18.117387204 64.53670306
-18.117657282 64.5366638240001
-18.11813475 64.5367522820001
-18.1191178019999 64.536668487
-18.1195537369999 64.5364383100001
-18.1198280249999 64.5362934820001
-18.119949592 64.5362809490001
-18.1201463959999 64.536231285
-18.120669726 64.5359929640001
-18.120829365 64.535884385
-18.1213341399999 64.5356929230001
-18.1213927429999 64.535388751
-18.121290782 64.535198807
-18.121499318 64.535133009
-18.1216745629999 64.535015216
-18.1218858579999 64.5347936810001
-18.122029628 64.5347115330001
-18.1221674509999 64.5346682190001
-18.1223177599999 64.53466473
-18.122584795 64.5347089090001
-18.1227468129999 64.534783304
-18.122917924 64.534914932
-18.1230577339999 64.5349542800001
-18.1231817189999 64.5349507430001
-18.123260111 64.5349321140001
-18.123713251 64.5347403820001
-18.124081889 64.5345371230001
-18.1245278929999 64.534224974
-18.124833705 64.533946192
-18.125017661 64.5337091280001
-18.125033284 64.5336328600001
-18.124997574 64.533548932
-18.12451062 64.533257878
-18.124402211 64.5331510230001
-18.124413326 64.53300999
-18.124538399 64.5328012190001
-18.1246357319999 64.532809172
-18.1248572919999 64.5329020770001
-18.1251346139999 64.5329813660001
-18.125344484 64.5330062780001
-18.1255547719999 64.5329849250001
-18.1256766839999 64.532924753
-18.125742777 64.532792074
-18.125743229 64.5326711390001
-18.125621265 64.5324786310001
-18.125614718 64.532424635
-18.125663322 64.5323571340001
-18.1257623179999 64.5322896150001
-18.126098903 64.532135075
-18.126330853 64.5320474420001
-18.126513869 64.531998625
-18.1268376209999 64.5319675760001
-18.1273890809999 64.5319807870001
-18.1274912399999 64.5319499760001
-18.127564841 64.5318974020001
-18.1276902549999 64.5316653340001
-18.127919886 64.531350305
-18.128097286 64.5308879230001
-18.1281292589999 64.5306826790001
-18.1280639939999 64.530381366
-18.127870286 64.5300674320001
-18.1280829209999 64.5298881130001
-18.1281058179999 64.5297594200001
-18.12820405 64.5296945000001
-18.1282992399999 64.5295821180001
-18.1284269569999 64.5294313350001
-18.128529296 64.5293105170001
-18.128624847 64.5291977080001
-18.1286437809999 64.529079095
-18.128600911 64.5289525740001
-18.12861749 64.5288011530001
-18.1287159579999 64.528537569
-18.128751849 64.5284463840001
-18.1287153179999 64.5283606850001
-18.1285579299999 64.5281956760001
-18.128554338 64.527904554
-18.12861156 64.527791505
-18.128613827 64.527790667
-18.129042555 64.5277565850001
-18.1297399389999 64.527818107
-18.130003256 64.527755368
-18.129988962 64.5276186470001
-18.129963763 64.5273776560001
-18.130206825 64.527226103
-18.1308272649999 64.5270851050001
-18.131036131 64.5269738160001
-18.130982968 64.5268850890001
-18.130722228 64.526867472
-18.130501119 64.5267777500001
-18.1305420319999 64.5266654690001
-18.130849075 64.526402051
-18.1307780229999 64.5262891070001
-18.130681781 64.5261361130001
-18.130486898 64.5260542950001
-18.130490492 64.5259417950001
-18.130754048 64.525871018
-18.1311801369999 64.525756593
-18.131249474 64.525552454
-18.131160023 64.525431364
-18.1308814019999 64.525389525
-18.1305248049999 64.525451714
-18.1302651089999 64.525401951
-18.130333809 64.5253354600001
-18.130587717 64.525235077
-18.1306503709999 64.5250264730001
-18.1303740659999 64.5249123140001
-18.130211355 64.524845085
-18.130193377 64.5247263810001
-18.13027161 64.5246143200001
-18.130574011 64.5244955490001
-18.1309738689999 64.5243385000001
-18.1310870459999 64.5242092400001
-18.1309229629999 64.5240877090001
-18.130750001 64.5239596000001
-18.130463671 64.5238599400001
-18.1295071599999 64.5238542700001
-18.1292069259999 64.5237579450001
-18.1294823169999 64.5234653100001
-18.12970947 64.523295069
-18.129902122 64.523207063
-18.1301319849999 64.5231403440001
-18.130921337 64.5229964590001
-18.131019501 64.5229556400001
-18.131126647 64.5228732240001
-18.131172444 64.5227141440001
-18.1310834359999 64.5225077330001
-18.1308371719999 64.522256214
-18.13036956 64.5219341170001
-18.1303003259999 64.5218525710001
-18.130317045 64.5217646150001
-18.130391941 64.5217059070001
-18.1305096799999 64.5216575370001
-18.1307087619999 64.5216159410001
-18.131259198 64.5215778360001
-18.1320014629999 64.521594152
-18.1323793289999 64.5216306870001
-18.1332874399999 64.521767062
-18.1339018319999 64.521802558
-18.135576033 64.521797527
-18.136571692 64.5216973110001
-18.136859315 64.521683007
-18.1370628949999 64.5216997100001
-18.137630187 64.521804849
-18.137963526 64.5218252330001
-18.1381861859999 64.521800194
-18.1384678379999 64.5217248370001
-18.1390273179999 64.521477765
-18.1392214799999 64.5214107040001
-18.139393186 64.5213808730001
-18.1395539329999 64.521377149
-18.139812852 64.521415968
-18.140172449 64.5215144150001
-18.14040147 64.5215973270001
-18.140680209 64.5217714710001
-18.140904882 64.522075176
-18.1410236789999 64.5221386360001
-18.1411537349999 64.52215934
-18.1412922759999 64.5221460510001
-18.141404021 64.522115618
-18.1422884799999 64.521728104
-18.142497012 64.5216650680001
-18.1426634379999 64.521634395
-18.143147319 64.5215996700001
-18.144121044 64.5216328070001
-18.144557009 64.521630901
-18.145074759 64.5215979380001
-18.145481542 64.521541476
-18.145655841 64.521492283
-18.1458316499999 64.5214065770001
-18.1459543129999 64.521241246
-18.146041554 64.5211786680001
-18.1461643059999 64.521142884
-18.146298929 64.5211270070001
-18.1465216189999 64.521131514
-18.146903106 64.52120146
-18.147905361 64.5214873130001
-18.148264287 64.5216084140001
-18.148592605 64.5217484
-18.148830688 64.5218873360001
-18.149021981 64.5220664600001
-18.149088955 64.522233197
-18.149016172 64.5224650530001
-18.1488177059999 64.5227024690001
-18.147824457 64.5233125060001
-18.147634556 64.5234500870001
-18.147563496 64.5235287130001
-18.147556929 64.523587385
-18.147589882 64.5236292020001
-18.147683738 64.5236784860001
-18.1478489899999 64.5237171900001
-18.1482524059999 64.5237396580001
-18.148344446 64.523769992
-18.1483936939999 64.5238379510001
-18.148356952 64.5239224540001
-18.1481711069999 64.524069904
-18.1475479919999 64.5244572870001
-18.147147289 64.524741351
-18.146986429 64.5248815080001
-18.14688438 64.5250303510001
-18.1468437619999 64.5253045060001
-18.147490803 64.526107117
-18.1476331279999 64.5261874130001
-18.147748513 64.526320544
-18.1478804129999 64.526600564
-18.14780924 64.526772781
-18.147681013 64.5268904610001
-18.1474119389999 64.5270097160001
-18.146953615 64.5270993870001
-18.146800388 64.5271153310001
-18.1465986429999 64.527111339
-18.146490419 64.527085486
-18.1464096299999 64.5270193010001
-18.1464128069999 64.5269531760001
-18.146478121 64.526850229
-18.146732463 64.526573328
-18.146702364 64.5264093540001
-18.146531688 64.5263067340001
-18.146228143 64.5261325480001
-18.145823946 64.526022122
-18.145699626 64.5260554320001
-18.145625735 64.526117012
-18.1455607079999 64.5262585930001
-18.1455979839999 64.5267048600001
-18.145550742 64.5268381660001
-18.145467868 64.526944579
-18.1453344189999 64.5270134290001
-18.145153325 64.5270287980001
-18.1450336309999 64.5270028460001
-18.1447181619999 64.526862206
-18.144562515 64.52684443
-18.144424817 64.5268630210001
-18.144164885 64.526971126
-18.143760658 64.5272513100001
-18.143587023 64.527325497
-18.143121859 64.527464314
-18.143051117 64.5274920430001
-18.143006848 64.5275356810001
-18.143096221 64.527587087
-18.143300311 64.5276154730001
-18.143620465 64.5276148620001
-18.144118372 64.527582173
-18.144572189 64.5274972330001
-18.1451536989999 64.527306116
-18.145415337 64.5272766750001
-18.145847262 64.527294903
-18.146217733 64.5273674480001
-18.1464339939999 64.527430473
-18.1465075589999 64.527491373
-18.146522815 64.527555497
-18.146425407 64.527695217
-18.146261813 64.5278104180001
-18.145861972 64.5280111050001
-18.145684973 64.5281210480001
-18.1455437019999 64.5282627230001
-18.1455193419999 64.5283384080001
-18.145531332 64.5284127250001
-18.1456217849999 64.5285539240001
-18.145940493 64.52888584
-18.1460527739999 64.52907443
-18.1462230719999 64.5292116000001
-18.146245832 64.5292772610001
-18.146182654 64.529321844
-18.146043055 64.5293558130001
-18.145553595 64.529404669
-18.145335114 64.5294417380001
-18.145186215 64.5294940000001
-18.145127955 64.5295575050001
-18.145199836 64.529592639
-18.145347731 64.5296087790001
-18.1461269339999 64.5296134910001
-18.146477099 64.529599922
-18.1474708659999 64.529508594
-18.147667976 64.5295156280001
-18.1477880589999 64.5295510600001
-18.147829169 64.529599503
-18.1478086339999 64.5296573540001
-18.1476923499999 64.52975073
-18.147544974 64.5298113330001
-18.147378341 64.5298416790001
-18.146814627 64.5298841430001
-18.146427009 64.529937815
-18.146178849 64.529997015
-18.1460562139999 64.5300826440001
-18.146072664 64.530133698
-18.146232077 64.5301880050001
-18.146541521 64.5302326660001
-18.147094191 64.5302793830001
-18.147362469 64.5303382290001
-18.147474482 64.5303916170001
-18.147498544 64.5304594580001
-18.1474542469999 64.5305055700001
-18.146978169 64.5307055270001
-18.1468725669999 64.5307763600001
-18.1468373019999 64.530840681
-18.146898935 64.5308851120001
-18.146993967 64.530896779
-18.1470720739999 64.5308886380001
-18.147308015 64.5308122220001
-18.147577632 64.530776992
-18.148767575 64.5307397120001
-18.149954637 64.5307836200001
-18.1501293539999 64.5308163660001
-18.150223129 64.5308727780001
-18.1502022449999 64.530959339
-18.1501017529999 64.530989402
-18.1491885519999 64.5310427650001
-18.1488855819999 64.5310893880001
-18.148423512 64.5311852680001
-18.148287871 64.531239901
-18.147966486 64.5315305400001
-18.1478198459999 64.5316269940001
-18.147649491 64.5316698390001
-18.1473385209999 64.531691773
-18.147321607 64.531709624
-18.147372751 64.5317420540001
-18.1480649109999 64.531949475
-18.148234262 64.5320367740001
-18.148194541 64.532092413
-18.147978635 64.5321419790001
-18.147897663 64.5321755900001
-18.147877535 64.532232703
-18.147928545 64.5322855680001
-18.148368263 64.5324584620001
-18.1488541429999 64.532580662
-18.149644897 64.532710412
-18.149842323 64.532726213
-18.150050576 64.5327162470001
-18.1501539179999 64.5326725130001
-18.150170639 64.532637967
-18.15011154 64.532572395
-18.1499607719999 64.532511927
-18.149592765 64.532422427
-18.149481715 64.532346945
-18.149484096 64.5322685370001
-18.149645611 64.5321765940001
-18.149655416 64.5321330340001
-18.149538112 64.53208736
-18.149157158 64.5320211320001
-18.1489303189999 64.531942095
-18.1487670029999 64.531832444
-18.148727493 64.5317424020001
-18.1487537469999 64.531697981
-18.148854516 64.531676417
-18.1490059129999 64.531691117
-18.1495532599999 64.5318163090001
-18.15001225 64.531893935
-18.1501566539999 64.531898165
-18.150270055 64.5318852140001
-18.150652039 64.5317672630001
-18.1509732219999 64.531617994
-18.1513833249999 64.5313844190001
-18.1517716509999 64.5312435120001
-18.15211669 64.531153708
-18.152395606 64.531105477
-18.152561965 64.5310942680001
-18.152826944 64.5311053190001
-18.1531223969999 64.53115503
-18.1533377709999 64.5312175890001
-18.153405612 64.531253506
-18.1534143549999 64.531309746
-18.1532772039999 64.5313849950001
-18.1529591629999 64.5315052490001
-18.1522050319999 64.5317481480001
-18.1519994299999 64.5318527040001
-18.1518806089999 64.531951071
-18.1518243319999 64.532033266
-18.151835514 64.5320910770001
-18.1519492039999 64.5322301670001
-18.151934598 64.5323062030001
-18.1518320599999 64.532356792
-18.1515193189999 64.532433886
-18.151371604 64.5325043190001
-18.1512050599999 64.5326616790001
-18.151176302 64.5327478950001
-18.151203563 64.532792972
-18.151284486 64.532823713
-18.1513918279999 64.53282921
-18.1517682759999 64.5327501
-18.151986657 64.5327276250001
-18.152174267 64.532721634
-18.152504133 64.532744236
-18.1530467059999 64.5327157470001
-18.153328248 64.532649812
-18.153744554 64.532480354
-18.153878924 64.5324550510001
-18.1541009749999 64.5324600600001
-18.154252603 64.5324915040001
-18.1543865259999 64.53255018
-18.154672639 64.532742748
-18.1547581899999 64.532864187
-18.1547575929999 64.532922425
-18.154675047 64.5330475900001
-18.154744852 64.5331027500001
-18.15488869 64.533143506
-18.1551257899999 64.5331783950001
-18.1555569779999 64.5332175610001
-18.1556938799999 64.5332138700001
-18.155796031 64.5331873120001
-18.155846181 64.5331404040001
-18.155782303 64.532844498
-18.1558186 64.5327495650001
-18.15596132 64.5326490420001
-18.1562961019999 64.53249894
-18.1565273599999 64.532302212
-18.156811069 64.5321048100001
-18.1569080699999 64.5320076420001
-18.1569585939999 64.5319131590001
-18.156981916 64.531759761
-18.156884095 64.531409651
-18.156919928 64.5313617510001
-18.1570166939999 64.5313594660001
-18.1571446369999 64.5314157500001
-18.157520657 64.53172011
-18.1577061149999 64.531816496
-18.157965566 64.5318529840001
-18.1586221819999 64.5318623810001
-18.15877459 64.5318822740001
-18.158887346 64.531917046
-18.1589213199999 64.5319500750001
-18.1589096869999 64.5319757840001
-18.1586828129999 64.5320839230001
-18.15865107 64.5321239570001
-18.158719173 64.532199656
-18.158821148 64.532242404
-18.159230443 64.532339511
-18.159808449 64.532375008
-18.1599003329999 64.5324038320001
-18.159894064 64.5324474930001
-18.1598174759999 64.5324901340001
-18.159629207 64.5325388190001
-18.159104224 64.532623351
-18.1589993819999 64.5326529260001
-18.1589148219999 64.532702837
-18.158821506 64.532832366
-18.158793203 64.5329543730001
-18.158845624 64.533066809
-18.158977255 64.5331752880001
-18.1591270919999 64.5332346170001
-18.1596004099999 64.5332927800001
-18.159629782 64.533310704
-18.159604182 64.5333637420001
-18.1597683959999 64.5334149400001
-18.159994957 64.5334235110001
-18.1606255909999 64.5333953300001
-18.1608818739999 64.5334382130001
-18.161153779 64.533533392
-18.161330011 64.533630842
-18.1615198929999 64.5337594330001
-18.161630975 64.53388076
-18.1616546079999 64.5339460070001
-18.1615908169999 64.5340463850001
-18.161520863 64.534086013
-18.161391372 64.5341157600001
-18.1611983399999 64.534111447
-18.160849142 64.534055385
-18.1605441259999 64.534032263
-18.1602405859999 64.5340393060001
-18.160101665 64.534070807
-18.160059947 64.534105835
-18.16002041 64.5342407530001
-18.159817888 64.534423873
-18.1597334269999 64.5345396280001
-18.159802698 64.5346587600001
-18.1599741859999 64.5347730170001
-18.1599834199999 64.534809679
-18.159901496 64.534840317
-18.1594432799999 64.5349085510001
-18.1592171209999 64.534960837
-18.159149393 64.535004708
-18.1591661699999 64.5350685390001
-18.159303806 64.535115799
-18.159764783 64.5351874180001
-18.1601131369999 64.535303146
-18.1605806009999 64.535426489
-18.1620570009999 64.5356905470001
-18.162341969 64.5357755490001
-18.162454069 64.535860481
-18.162494673 64.5359313720001
-18.1624891299999 64.5360044540001
-18.162446142 64.536052259
-18.1623175199999 64.5361006530001
-18.1616887069999 64.5361756250001
-18.1614026149999 64.5362397960001
-18.161311425 64.536281682
-18.161266757 64.536328247
-18.1612875509999 64.536433275
-18.1616578659999 64.536583788
-18.161952755 64.536636125
-18.1622133029999 64.5366228840001
-18.162543759 64.5365139570001
-18.16263742 64.5364975840001
-18.162756999 64.5364990910001
-18.1628498969999 64.536523505
-18.162934584 64.5365930790001
-18.1629846559999 64.536815534
-18.1630635769999 64.5368918780001
-18.1632823489999 64.5369623340001
-18.163801618 64.537003547
-18.163977653 64.5370472270001
-18.1639484629999 64.5371200270001
-18.1637095639999 64.5373153690001
-18.163755346 64.5373801900001
-18.163904309 64.5374391620001
-18.1641847999999 64.5374923380001
-18.164482138 64.537509512
-18.1647089159999 64.5375052350001
-18.165032594 64.5374571470001
-18.1654258029999 64.537329733
-18.16564636 64.5372904010001
-18.166075072 64.5372731000001
-18.1666771869999 64.5373077900001
-18.167019087 64.5373094460001
-18.16781961 64.537220007
-18.16812134 64.5372144400001
-18.168494665 64.5372307310001
-18.168706906 64.5372562370001
-18.1688374559999 64.5372852900001
-18.1691716359999 64.537421303
-18.1694277299999 64.537498708
-18.1699701639999 64.537576137
-18.170169212 64.537580834
-18.170338842 64.5375619930001
-18.1705545259999 64.537507852
-18.1710611029999 64.5373156630001
-18.171739863 64.5370959850001
-18.172168805 64.5370071080001
-18.172350572 64.537005923
-18.1726371359999 64.537107034
-18.1730292839999 64.537214444
-18.174005682 64.5376478370001
-18.17437145 64.5377825560001
-18.174728241 64.5378866120001
-18.175422311 64.5380583910001
-18.1772035299999 64.53845203
-18.177598791 64.538488736
-18.1780273869999 64.5384839820001
-18.178220347 64.538463135
-18.178371093 64.538410077
-18.178455888 64.538326489
-18.1784546819999 64.5381951100001
-18.1783611569999 64.5380903080001
-18.1780342179999 64.537882252
-18.177735873 64.5374418690001
-18.177201434 64.5369876460001
-18.177062051 64.5368386010001
-18.176969598 64.536616366
-18.176937035 64.536366011
-18.176974199 64.536189253
-18.1771109929999 64.536038858
-18.1774829399999 64.535860126
-18.1775964349999 64.535770251
-18.177652764 64.535628124
-18.177572201 64.5354834090001
-18.177424071 64.5354088820001
-18.1768634269999 64.535277507
-18.17659472 64.5351937390001
-18.1764872919999 64.5350882920001
-18.176462553 64.534859366
-18.1763830149999 64.5348053330001
-18.176279624 64.5347773780001
-18.1759146599999 64.534749956
-18.17506114 64.5347902610001
-18.1745763659999 64.5347945710001
-18.174157704 64.5347639400001
-18.173871859 64.5347008050001
-18.1735860539999 64.5345699270001
-18.173397355 64.5344477730001
-18.1731255679999 64.5340379100001
-18.172921163 64.5338068770001
-18.172894605 64.53368685
-18.1729597099999 64.5335224310001
-18.1730860399999 64.5333818070001
-18.173431082 64.5331109510001
-18.173500969 64.5329797810001
-18.1734256989999 64.532798955
-18.1731897339999 64.5325798950001
-18.1729745979999 64.532206956
-18.172895108 64.5320021140001
-18.172900961 64.5319000200001
-18.173047615 64.5317306050001
-18.173424295 64.5314745270001
-18.1737450689999 64.5313053880001
-18.174109023 64.5311802800001
-18.174520991 64.5310765900001
-18.174711133 64.5310453000001
-18.174987195 64.531047588
-18.17522488 64.5310898600001
-18.1755970739999 64.5311987650001
-18.1769881829999 64.531707129
-18.1776918149999 64.5318196000001
-18.178025415 64.532002597
-18.178751454 64.532226
-18.178939278 64.5323208550001
-18.179358335 64.532595196
-18.179822752 64.532982969
-18.180182315 64.533392027
-18.180468544 64.533873225
-18.180603802 64.534001985
-18.180762334 64.5341010210001
-18.180974133 64.534190509
-18.181578056 64.5343506820001
-18.1819049609999 64.53445678
-18.1823556319999 64.534556298
-18.1824594469999 64.534618005
-18.1824180859999 64.5348179710001
-18.1824959259999 64.534883284
-18.1825991659999 64.5349170280001
-18.182998778 64.5349962060001
-18.18311052 64.535145802
-18.183172949 64.5351769490001
-18.1836854329999 64.5352440450001
-18.1838044149999 64.5352809330001
-18.1838097839999 64.535322674
-18.1837755409999 64.535348411
-18.183511105 64.5354634080001
-18.183505467 64.535492182
-18.183553703 64.535517478
-18.183848284 64.5355540290001
-18.18467212 64.5356085170001
-18.1849500079999 64.5356513190001
-18.185129912 64.5357013220001
-18.1852021089999 64.53575376
-18.185198597 64.5357947150001
-18.1850231789999 64.535891237
-18.184994597 64.5359183080001
-18.1850125029999 64.535957878
-18.185113862 64.5359912550001
-18.1854282269999 64.536020035
-18.185583354 64.5360530030001
-18.185701862 64.5361245620001
-18.1858462119999 64.536306155
-18.18593348 64.5363297500001
-18.186144917 64.5363224920001
-18.18644549 64.5362836
-18.1866616359999 64.5362471080001
-18.1868265639999 64.5361997850001
-18.1871949719999 64.53592052
-18.187537833 64.535611014
-18.1878314479999 64.5354139890001
-18.188307374 64.5351911160001
-18.189197904 64.534846035
-18.189767203 64.534651523
-18.1903311099999 64.5344885470001
-18.191219254 64.5342664900001
-18.1918209419999 64.5341426630001
-18.192180235 64.5340963620001
-18.1925303469999 64.5340751090001
-18.19293364 64.5341317900001
-18.1932414369999 64.5342280790001
-18.193366844 64.534342935
-18.19337065 64.5344701700001
-18.193111879 64.534561841
-18.1925869469999 64.534718862
-18.1917695019999 64.5350128160001
-18.1904833419999 64.535531603
-18.190090665 64.535718371
-18.1898762119999 64.535847754
-18.189716716 64.535990514
-18.189646227 64.536141312
-18.189727127 64.536227737
-18.1898774109999 64.536282354
-18.190709781 64.5364179540001
-18.191195401 64.536521968
-18.192914296 64.5370286950001
-18.1950411509999 64.5377062540001
-18.195340437 64.5378289240001
-18.1956053229999 64.537990891
-18.1956784769999 64.5380983150001
-18.1956761779999 64.538223637
-18.195292498 64.538927845
-18.1951096669999 64.5391771330001
-18.1945810469999 64.539742802
-18.1944589 64.5399326180001
-18.194388729 64.5401195430001
-18.194339742 64.5405665060001
-18.194399151 64.5410143190001
-18.1944768229999 64.5412200210001
-18.194692125 64.5415602130001
-18.195041245 64.5419803780001
-18.1954597289999 64.5422925680001
-18.1958614509999 64.542629456
-18.196385103 64.543166398
-18.196671195 64.5434033440001
-18.197590867 64.5440603770001
-18.1982212259999 64.5444235800001
-18.198968114 64.544933513
-18.1992586129999 64.545098173
-18.2003825199999 64.545663673
-18.200781181 64.545930162
-18.200977327 64.5461621590001
-18.201238701 64.546643884
-18.201928709 64.547406278
-18.2032757279999 64.5484959660001
-18.203418117 64.5487369520001
-18.2035390629999 64.5491998890001
-18.20364627 64.549336118
-18.2037940339999 64.5494130710001
-18.203961153 64.5494480450001
-18.204152479 64.5494560880001
-18.204284426 64.549442835
-18.204422617 64.54940227
-18.204558731 64.549310232
-18.204762643 64.5490809200001
-18.2049336599999 64.5489699120001
-18.2052324319999 64.5488521410001
-18.205720706 64.54871052
-18.2060011729999 64.5485893950001
-18.206366838 64.548348016
-18.207251739 64.5476779200001
-18.207615517 64.5474841550001
-18.2079946279999 64.547371952
-18.2083898729999 64.5473320930001
-18.2088524339999 64.547344357
-18.2093959769999 64.5473991580001
-18.2103061449999 64.547523008
-18.210611258 64.5475464290001
-18.210881566 64.5475305240001
-18.2114067809999 64.5474565100001
-18.2118658209999 64.5474473850001
-18.212118817 64.547467006
-18.212491099 64.5475194050001
-18.2129984709999 64.5476401820001
-18.2133144869999 64.5476776720001
-18.213973863 64.547726341
-18.2144622389999 64.5477457550001
-18.215026129 64.547741973
-18.215414815 64.547719881
-18.215821966 64.5476679720001
-18.2161354469999 64.547606886
-18.2173766129999 64.547239071
-18.2192563909999 64.5468674750001
-18.220233209 64.546554735
-18.220610612 64.5464651460001
-18.221558129 64.54632
-18.222528629 64.546117
-18.224257166 64.5458055220001
-18.224859449 64.545733725
-18.2253830779999 64.5457248380001
-18.2256388449999 64.5457547610001
-18.2258705479999 64.5458023690001
-18.226518276 64.5460070020001
-18.229675976 64.5472777140001
-18.2300858309999 64.5474662880001
-18.2303105089999 64.5475991310001
-18.230471039 64.547765342
-18.2305218999999 64.5479354280001
-18.2305139819999 64.5480778790001
-18.230389271 64.548541474
-18.230458622 64.548769269
-18.2306891539999 64.548992963
-18.2311558929999 64.5493132610001
-18.231661866 64.5496222580001
-18.2318518119999 64.5498026870001
-18.2322330229999 64.550407621
-18.2328635879999 64.5509908830001
-18.233052255 64.5512183370001
-18.233148414 64.5514147050001
-18.2332029249999 64.551631016
-18.233128393 64.5518219480001
-18.232898984 64.5520739130001
-18.2318683089999 64.5530262570001
-18.23140439 64.5533739510001
-18.2310880439999 64.553650368
-18.2307762209999 64.5538440120001
-18.2303351589999 64.55402539
-18.2294548699999 64.5542983550001
-18.2281552069999 64.554643662
-18.227746829 64.5547298290001
-18.2274414239999 64.5547645730001
-18.226966186 64.554787796
-18.225691664 64.554777078
-18.225355936 64.5547859820001
-18.225046138 64.5548225380001
-18.224641161 64.5549190240001
-18.224181237 64.5550890160001
-18.2236077709999 64.5553483190001
-18.222776498 64.5557541750001
-18.2217717039999 64.5562879930001
-18.221133369 64.5565672920001
-18.220609435 64.5567269250001
-18.219475465 64.5569286890001
-18.218865346 64.557076862
-18.218093735 64.5573514750001
-18.217360915 64.5575835290001
-18.216531813 64.557941295
-18.215710439 64.5581600190001
-18.2153778859999 64.558284611
-18.21523431 64.558398052
-18.2151541869999 64.5585449710001
-18.2150543079999 64.5592034490001
-18.214928608 64.559450084
-18.214727038 64.5596909320001
-18.21448522 64.559926058
-18.213992977 64.5602915170001
-18.2127870969999 64.5609623940001
-18.211565521 64.5617216220001
-18.2109777869999 64.562036117
-18.210261021 64.5623084310001
-18.2087192299999 64.562746829
-18.208329992 64.5628891550001
-18.207922932 64.5630763930001
-18.2075151939999 64.5633585890001
-18.2065878499999 64.5641532180001
-18.206172361 64.5644331030001
-18.205640756 64.564750019
-18.2053886319999 64.564877908
-18.204722042 64.5651759130001
-18.2042374879999 64.565360857
-18.20395394 64.565496786
-18.203669998 64.56567168
-18.2032122539999 64.5661425390001
-18.202751609 64.566481137
-18.202048072 64.5668572530001
-18.20109158 64.5672569870001
-18.2007910099999 64.567411523
-18.200590039 64.5675711430001
-18.200321887 64.5679175110001
-18.2002050789999 64.568146272
-18.2000370399999 64.568600948
-18.199908728 64.5688303300001
-18.199766149 64.568991844
-18.199550014 64.5691671120001
-18.199097364 64.569434104
-18.198536721 64.5696953250001
-18.1979767669999 64.5699186140001
-18.1968991279999 64.5703011310001
-18.1964903809999 64.5704828790001
-18.1961889469999 64.5706710060001
-18.195644875 64.571108946
-18.195339141 64.5713173670001
-18.194816169 64.571616863
-18.194211868 64.5719106990001
-18.194014304 64.5720596210001
-18.1938991059999 64.572254876
-18.1938224689999 64.572555364
-18.1937666119999 64.573415364
-18.193488197 64.574143684
-18.1934436569999 64.5743325780001
-18.19351856 64.5749315140001
-18.193670885 64.5756006
-18.193659162 64.575749102
-18.193561319 64.575964189
-18.1925661879999 64.5774102190001
-18.1922393369999 64.5777706200001
-18.192001433 64.5779358880001
-18.1915747579999 64.578167222
-18.1913347999999 64.578267216
-18.190623821 64.5785165870001
-18.190385857 64.5786204670001
-18.1901549849999 64.57878672
-18.189883295 64.579095432
-18.189591601 64.5792876080001
-18.188354241 64.579852197
-18.187839251 64.5800172680001
-18.186947043 64.5802501760001
-18.1867166649999 64.5803291190001
-18.186135938 64.5806309910001
-18.185742105 64.5808001290001
-18.185424294 64.5808991980001
-18.18412927 64.581221493
-18.1837278419999 64.581358854
-18.1831327429999 64.5815978850001
-18.1822747429999 64.581882422
-18.181835658 64.582091232
-18.181063469 64.5826088160001
-18.1806561229999 64.5828470110001
-18.180303835 64.5829990650001
-18.1798765729999 64.5831383720001
-18.179463541 64.583241333
-18.178896358 64.5833341690001
-18.1783336829999 64.5833848030001
-18.177713045 64.583402591
-18.177256095 64.5833819490001
-18.176881637 64.5833340070001
-18.1766170399999 64.583272987
-18.176022652 64.583083743
-18.1757066779999 64.5830172280001
-18.1755325419999 64.5829991790001
-18.175171398 64.582999768
-18.174711755 64.5830659870001
-18.174303478 64.5831722080001
-18.173872923 64.5833312620001
-18.1728770239999 64.5838398270001
-18.170023407 64.5850030080001
-18.1696502619999 64.585175625
-18.1694759389999 64.5852791200001
-18.169261994 64.585455219
-18.169142015 64.585655187
-18.1691278489999 64.5858396630001
-18.169198555 64.5861078130001
-18.169334052 64.586302614
-18.169545776 64.586468176
-18.1698020119999 64.5865810080001
-18.170172414 64.5866836000001
-18.170544956 64.5867242830001
-18.1707334779999 64.586713946
-18.17097561 64.5866735810001
-18.1713344619999 64.5865634090001
-18.17200238 64.5862510570001
-18.172404198 64.586110504
-18.172820073 64.5860187060001
-18.173299679 64.5859809290001
-18.173771336 64.5860128530001
-18.174016179 64.586063047
-18.174218524 64.5861284220001
-18.1744888329999 64.5862788910001
-18.174879905 64.586675181
-18.175016269 64.5867512660001
-18.175272229 64.586826396
-18.1755269019999 64.58684723
-18.175755357 64.586827767
-18.1759919429999 64.5867778580001
-18.1765433219999 64.5866193140001
-18.1767613439999 64.586580713
-18.1768483769999 64.586574984
-18.176996479 64.5865969770001
-18.177065491 64.58663018
-18.177133537 64.586699761
-18.177151882 64.5869052630001
-18.176972442 64.587567069
-18.1768793809999 64.5877677410001
-18.1767597469999 64.587911262
-18.176385899 64.588183584
-18.175340169 64.5887186520001
-18.174293501 64.5893475550001
-18.1740291149999 64.589578842
-18.173712332 64.5900010570001
-18.1735068739999 64.590169947
-18.173267177 64.59031874
-18.1724381719999 64.5906448090001
-18.1713317479999 64.591125338
-18.171109249 64.5912017250001
-18.1708716809999 64.5912541160001
-18.1705291489999 64.591298065
-18.16897525 64.5914441840001
-18.168773733 64.5914417480001
-18.1684945449999 64.591412135
-18.168222692 64.5913523460001
-18.168048095 64.591293793
-18.1677856439999 64.591159093
-18.1676616729999 64.5910463260001
-18.167580772 64.590928214
-18.167468411 64.590654762
-18.1674728949999 64.590354184
-18.167623878 64.5899343930001
-18.1677699439999 64.589738192
-18.168063418 64.5895495820001
-18.1685757399999 64.589335519
-18.168806855 64.589219943
-18.168991185 64.589102736
-18.169145692 64.5889556540001
-18.169202614 64.588782236
-18.169109739 64.5885289890001
-18.168973335 64.588419237
-18.168880874 64.5883916770001
-18.168756631 64.588378812
-18.168469745 64.5884075130001
-18.1682097299999 64.588475976
-18.16738788 64.5887410340001
-18.166252577 64.589065906
-18.1660433339999 64.589145871
-18.1658576839999 64.5892425490001
-18.165726922 64.589341743
-18.1656573 64.589455016
-18.165591779 64.5900555330001
-18.1654751319999 64.5903320720001
-18.165384783 64.590442803
-18.165187976 64.5906072170001
-18.1649955529999 64.5907124130001
-18.164736611 64.5908102590001
-18.1642579919999 64.5909174720001
-18.1637748389999 64.5909763760001
-18.1631022569999 64.5909989040001
-18.162636296 64.590971144
-18.1622647099999 64.5909014110001
-18.1620110329999 64.5908085770001
-18.1613943529999 64.590436611
-18.161141819 64.5903205110001
-18.160888271 64.5902645630001
-18.160736769 64.5902578820001
-18.160580647 64.590270106
-18.16038886 64.5903116920001
-18.1601749449999 64.5903941280001
-18.159798802 64.5906217260001
-18.159297266 64.5910014980001
-18.1590072729999 64.591369946
-18.158841067 64.5915150880001
-18.158641866 64.591609399
-18.1583392909999 64.591673024
-18.158029444 64.5916904370001
-18.156216059 64.591677637
-18.1552184779999 64.5916143320001
-18.154294524 64.5914979500001
-18.153767649 64.5913742800001
-18.1534293089999 64.5912440450001
-18.1531318569999 64.5910796590001
-18.152473318 64.590657644
-18.152064793 64.5904715930001
-18.151830973 64.5904081250001
-18.151513085 64.590376544
-18.1512137579999 64.590396995
-18.1510348859999 64.590431262
-18.150771576 64.590518149
-18.1505327629999 64.5906525070001
-18.1499061219999 64.591201466
-18.1495847059999 64.591435941
-18.149112064 64.591699368
-18.148397669 64.5920297800001
-18.148211547 64.59214123
-18.1480392899999 64.5922788610001
-18.1479184729999 64.5924272570001
-18.1477668389999 64.5927501900001
-18.1476546229999 64.5929067700001
-18.1470625439999 64.5933846730001
-18.146946779 64.5935143680001
-18.1468936919999 64.5936591500001
-18.1469391109999 64.5940891270001
-18.146876823 64.594395531
-18.146690092 64.5947057970001
-18.1462917979999 64.595117728
-18.145920313 64.5953791270001
-18.1451630179999 64.5958388980001
-18.1440314829999 64.5963879240001
-18.1418636879999 64.5976653270001
-18.141625082 64.5978879880001
-18.1413694729999 64.5982912530001
-18.1411138559999 64.59848434
-18.140810513 64.5986600310001
-18.140357551 64.5988516950001
-18.138326008 64.599519565
-18.137541101 64.59975152
-18.1370112609999 64.5999427620001
-18.136754535 64.6000782890001
-18.1361332719999 64.600498739
-18.1358823739999 64.600635459
-18.1355427309999 64.6007637530001
-18.1344564459999 64.601084325
-18.133716395 64.6013557520001
-18.133269071 64.601575085
-18.132270513 64.602169598
-18.1320788099999 64.6022558990001
-18.131864332 64.60230418
-18.1308639969999 64.6024091360001
-18.1296924009999 64.602585219
-18.128565685 64.6027209540001
-18.1281503 64.6027879210001
-18.12771537 64.6028893020001
-18.127312613 64.6030033470001
-18.126668572 64.603215398
-18.1261032699999 64.6034273060001
-18.1258349569999 64.603504441
-18.125429465 64.603594549
-18.124265232 64.60380252
-18.122579077 64.604216749
-18.1215936259999 64.604380921
-18.121072403 64.604436568
-18.1199477509999 64.6045267580001
-18.1194828129999 64.6046050460001
-18.11897012 64.6047473660001
-18.118330358 64.6049900890001
-18.117341053 64.6054807070001
-18.1169435039999 64.6056061470001
-18.1163806509999 64.6057286610001
-18.115795411 64.605814002
-18.115456002 64.6058478400001
-18.113678004 64.6059181460001
-18.112911734 64.605915646
-18.1115820169999 64.605831933
-18.111173466 64.605842033
-18.1106919539999 64.6058888470001
-18.1103030589999 64.6059501730001
-18.1099369409999 64.606037788
-18.107585795 64.606788882
-18.107067399 64.606926931
-18.106506402 64.6070387720001
-18.1056925239999 64.6071547600001
-18.1041715179999 64.6073171880001
-18.102878468 64.6074972900001
-18.102309191 64.6075505810001
-18.10099702 64.6076369800001
-18.100496133 64.607695178
-18.100033169 64.6077744850001
-18.099034667 64.607984114
-18.0973416849999 64.608369242
-18.0956382649999 64.6088402760001
-18.0940037459999 64.6092054330001
-18.093499251 64.6093646360001
-18.0927570379999 64.609672871
-18.0922897529999 64.609837854
-18.0918681159999 64.609960716
-18.0915057839999 64.610034554
-18.091094224 64.6100789860001
-18.090812861 64.6100790180001
-18.0904515459999 64.6100295000001
-18.090144697 64.6099382250001
-18.089881544 64.609813886
-18.08958189 64.609605543
-18.0892130989999 64.609190235
-18.0890620819999 64.6090630520001
-18.088859654 64.608980337
-18.088734781 64.6089679030001
-18.088579103 64.60898402
-18.088388349 64.6090456570001
-18.088224634 64.609138719
-18.08773574 64.609488533
-18.0872600189999 64.6098751310001
-18.086825561 64.6101327360001
-18.086455972 64.610304329
-18.085515605 64.6106842710001
-18.083604689 64.611519075
-18.083141671 64.6117045720001
-18.082614169 64.6118759540001
-18.0821089689999 64.6119894560001
-18.0802710369999 64.6122639230001
-18.0799970899999 64.612281856
-18.0798291039999 64.612277626
-18.079529158 64.6122292590001
-18.079373894 64.6121630370001
-18.079307098 64.612109214
-18.0792568539999 64.611948
-18.079306905 64.6117963930001
-18.079420586 64.6116377370001
-18.0796423689999 64.6114412030001
-18.079870958 64.6112921220001
-18.0804070519999 64.611004178
-18.0807121729999 64.6107569850001
-18.080879925 64.61050211
-18.0810298329999 64.6100551530001
-18.0812495009999 64.6095974410001
-18.081425366 64.6093664690001
-18.08171907 64.6091244070001
-18.0820642739999 64.608923685
-18.08237715 64.608771732
-18.082586278 64.608693374
-18.082908996 64.6086128490001
-18.083350927 64.6085641400001
-18.083743523 64.6085607050001
-18.084089191 64.6085870480001
-18.08490928 64.608684365
-18.0851853729999 64.608686715
-18.085370637 64.6086719940001
-18.085775793 64.6085976350001
-18.086425837 64.6084200600001
-18.08692246 64.608258762
-18.087453179 64.608052183
-18.0877227519999 64.607914447
-18.0879364539999 64.6077671990001
-18.0883384759999 64.6073636730001
-18.0884599529999 64.6071267680001
-18.0885656899999 64.6065800960001
-18.088733471 64.6063572420001
-18.088916672 64.606226103
-18.089109714 64.6061250560001
-18.090189245 64.6057182640001
-18.090726236 64.605448751
-18.091129365 64.605155655
-18.0912577999999 64.605014242
-18.091405386 64.6047848210001
-18.091492694 64.604586162
-18.0914923309999 64.6043676190001
-18.091416833 64.604221211
-18.0912349819999 64.604083722
-18.0910286889999 64.603996345
-18.090700042 64.6039026990001
-18.089172747 64.6035921450001
-18.0886153229999 64.603533172
-18.0879526759999 64.603530495
-18.0856580719999 64.603610915
-18.085127569 64.6036541760001
-18.0847537769999 64.6037162090001
-18.082902281 64.604236568
-18.082515089 64.6043801440001
-18.0820117719999 64.6045994670001
-18.0816519109999 64.604770719
-18.081421905 64.6049050400001
-18.080727645 64.605446672
-18.080447485 64.605626532
-18.0800855709999 64.6058065970001
-18.079386632 64.6060975770001
-18.0789432999999 64.6062380960001
-18.07757837 64.606572494
-18.0768644 64.6068029580001
-18.076190101 64.606990941
-18.075904086 64.60709523
-18.075734289 64.607212578
-18.0755138599999 64.607543283
-18.0752434679999 64.607780334
-18.074328441 64.6083430090001
-18.0737049319999 64.608670035
-18.0735999139999 64.6087864080001
-18.073490481 64.6091259040001
-18.0733972849999 64.609271721
-18.0732085239999 64.6094338500001
-18.072875826 64.609603286
-18.072461599 64.6097293170001
-18.071352609 64.6099880420001
-18.070460281 64.610243788
-18.070022304 64.6104054140001
-18.069588069 64.6106281180001
-18.069413539 64.610688285
-18.069191853 64.61073853
-18.0688838629999 64.6107766260001
-18.06856046 64.6107881710001
-18.0676378659999 64.6107506960001
-18.067105473 64.6107585490001
-18.0667171489999 64.6108040770001
-18.066386071 64.6109133240001
-18.0661521339999 64.6110683640001
-18.066045619 64.6112070350001
-18.0658285759999 64.6120393670001
-18.065647381 64.6123451070001
-18.065426718 64.6126268840001
-18.0650626139999 64.612998825
-18.064569843 64.6134196250001
-18.064301615 64.613872121
-18.0641210269999 64.614070811
-18.063954865 64.6142019270001
-18.0637266329999 64.614339655
-18.063139146 64.614601818
-18.062808888 64.614708696
-18.062563097 64.614763306
-18.061720033 64.6148813560001
-18.059755562 64.615207931
-18.0587875169999 64.615438452
-18.057551412 64.615784438
-18.056992626 64.61589795
-18.0556334999999 64.6160546990001
-18.054115941 64.6161545520001
-18.053578662 64.6162349040001
-18.052138858 64.6165427610001
-18.050682813 64.6169892510001
-18.050231939 64.617081242
-18.049932929 64.617112714
-18.049795649 64.6171138390001
-18.049548441 64.6170879140001
-18.0494483009999 64.6170614490001
-18.049323729 64.6169882350001
-18.0493083699999 64.6168874910001
-18.0493538919999 64.6168297450001
-18.04952866 64.6167245070001
-18.049921737 64.616597486
-18.0513409229999 64.6163136530001
-18.053029576 64.6159101390001
-18.053443107 64.615765335
-18.053927491 64.6155489210001
-18.0542794259999 64.6153722990001
-18.0545074779999 64.615216133
-18.054603474 64.6150653300001
-18.054584797 64.6148473760001
-18.054428292 64.6146876350001
-18.054224661 64.6146114490001
-18.053929319 64.6145597560001
-18.1769142654999 64.55952174
-18.1146945959999 64.543498732
-18.114333087 64.5434730900001
-18.114049913 64.543484994
-18.1136720769999 64.543532934
-18.111872895 64.5438730880001
-18.110655305 64.5440542970001
-18.109564932 64.544180268
-18.109226549 64.544236217
-18.10895798 64.5443040440001
-18.108752979 64.544376018
-18.1083122759999 64.5445857140001
-18.107951127 64.544847786
-18.1078440759999 64.5449811020001
-18.1077655719999 64.5451456800001
-18.1077203909999 64.5453122800001
-18.107738845 64.545471584
-18.107918233 64.545687624
-18.108155606 64.5458359080001
-18.108376064 64.5459243270001
-18.10858401 64.5459833680001
-18.1092473649999 64.5461096550001
-18.110293081 64.5462524420001
-18.110571765 64.5462607170001
-18.11128825 64.5462154150001
-18.111643558 64.546171729
-18.1120231369999 64.5460972070001
-18.112376389 64.5459823950001
-18.1133732019999 64.5455744240001
-18.1141476179999 64.5451921520001
-18.114525633 64.5449502010001
-18.115244053 64.5444382480001
-18.1154358329999 64.5442277060001
-18.1154727589999 64.5440342950001
-18.115401716 64.543853766
-18.115201 64.543662328
-18.1149554199999 64.5435542810001
-18.1146945959999 64.543498732
-18.1769142654999 64.55952174
-18.1366761629999 64.5233674500001
-18.136893453 64.5233040680001
-18.137222279 64.5232569120001
-18.137612406 64.5232355270001
-18.138118924 64.5232464630001
-18.1389670579999 64.5233178880001
-18.1396970179999 64.5233547120001
-18.14011457 64.5233638450001
-18.140280396 64.5233543530001
-18.140340513 64.5233350500001
-18.14031146 64.5233005650001
-18.1401878779999 64.5232591700001
-18.1397944679999 64.5231860700001
-18.1394594 64.5231573840001
-18.1386779819999 64.5231216810001
-18.1381491079999 64.5230551230001
-18.137625332 64.5229197840001
-18.137006658 64.522679409
-18.136723017 64.5225869670001
-18.1363990519999 64.5225085000001
-18.135935708 64.5224381840001
-18.1351364939999 64.522371558
-18.1341595989999 64.5223471250001
-18.133503327 64.5223825300001
-18.1332687789999 64.5224236890001
-18.133087884 64.5224906540001
-18.132999787 64.522602965
-18.133050962 64.5227102160001
-18.13324462 64.5228273990001
-18.133488014 64.522887874
-18.133764481 64.5228922150001
-18.134426791 64.5227564090001
-18.1348321359999 64.5227187890001
-18.1352458699999 64.5227271380001
-18.1356826849999 64.522790113
-18.135942724 64.522871029
-18.136241718 64.5230292360001
-18.1363679629999 64.5231360660001
-18.136563907 64.523396581
-18.136608246 64.5234210780001
-18.1366761629999 64.5233674500001
-18.1769142654999 64.55952174
-18.0949257149999 64.592469437
-18.094839969 64.59244922
-18.0939878999999 64.592473501
-18.0935304349999 64.5925340490001
-18.0933494029999 64.592577336
-18.0931377819999 64.592651688
-18.092917723 64.5927578880001
-18.0927518039999 64.592868884
-18.092709992 64.59296455
-18.092818113 64.5930701930001
-18.093492779 64.5934670870001
-18.0936254549999 64.5935259060001
-18.0938246769999 64.593579101
-18.0940708589999 64.593598107
-18.0942005059999 64.5935866240001
-18.0943899659999 64.593536166
-18.094669144 64.5933887680001
-18.094946787 64.593154661
-18.095110233 64.592883515
-18.095132985 64.592672281
-18.095023742 64.5925217060001
-18.0949257149999 64.592469437
-18.1769142654999 64.55952174
-18.132938977 64.5515181530001
-18.1334736809999 64.5513867280001
-18.1339574849999 64.5511627480001
-18.134313027 64.5510417770001
-18.134384799 64.55098739
-18.134310124 64.5509168040001
-18.1341340999999 64.5508821510001
-18.1336374489999 64.55088198
-18.133509126 64.5508963930001
-18.1334801249999 64.5509069340001
-18.1334937199999 64.550921524
-18.133506461 64.5509578400001
-18.133469111 64.551010444
-18.132830478 64.551465711
-18.1328086259999 64.551499801
-18.13283856 64.5515243890001
-18.132938977 64.5515181530001
-18.1769142654999 64.55952174
-18.1443997829999 64.5278601380001
-18.144326796 64.5278474040001
-18.1442354719999 64.5278562660001
-18.1441344309999 64.527899775
-18.1441178279999 64.5279567810001
-18.1441715629999 64.5279957600001
-18.144060437 64.5281035180001
-18.1440546439999 64.5281619930001
-18.1440962569999 64.5282158690001
-18.144305086 64.5282975390001
-18.144393658 64.528306812
-18.1445227579999 64.5282943700001
-18.144674364 64.5282443140001
-18.1447815559999 64.5281814950001
-18.144833618 64.528116395
-18.1448066369999 64.5280603350001
-18.1445569269999 64.5279235530001
-18.1443997829999 64.5278601380001
-18.1769142654999 64.55952174
-18.142795065 64.5261072120001
-18.1429151099999 64.5261082040001
-18.143060691 64.526088541
-18.14333185 64.526011565
-18.1433836379999 64.525973869
-18.143352018 64.52593991
-18.1432890359999 64.5259255880001
-18.1426123919999 64.525853274
-18.142356868 64.525860198
-18.142154316 64.5258982130001
-18.142120179 64.525945092
-18.1421315969999 64.525983931
-18.142238822 64.5260436140001
-18.142795065 64.5261072120001
-18.1769142654999 64.55952174
-18.141017248 64.526132455
-18.1408646689999 64.526095141
-18.140581886 64.5260800080001
-18.1402510469999 64.5260907200001
-18.140159503 64.526110745
-18.140101025 64.526143184
-18.140054173 64.526288412
-18.1399581699999 64.5263552600001
-18.140104939 64.526395521
-18.140332859 64.526390448
-18.1405844139999 64.5263317810001
-18.141051639 64.526183325
-18.141017248 64.526132455
-18.1769142654999 64.55952174
-18.155535522 64.5334305170001
-18.155463407 64.5334236800001
-18.1553742589999 64.5334429710001
-18.155356116 64.53346559
-18.1552492449999 64.533604306
-18.1549739189999 64.5337528310001
-18.154984038 64.5337780830001
-18.1550395789999 64.5337999770001
-18.1551892379999 64.533811944
-18.155426502 64.5337987670001
-18.1555785099999 64.5337690220001
-18.155671487 64.5337278540001
-18.1556792559999 64.53367502
-18.1555336829999 64.5335936860001
-18.155609597 64.5334996870001
-18.1555931509999 64.5334575590001
-18.155535522 64.5334305170001
-18.1769142654999 64.55952174
-18.143364134 64.555147774
-18.14290275 64.555058548
-18.142449379 64.555076576
-18.1423952399999 64.5550873990001
-18.1423922559999 64.5551123530001
-18.1424696629999 64.555163603
-18.1426342249999 64.5551964190001
-18.142888915 64.5552153890001
-18.143274974 64.555271824
-18.1434057129999 64.5552732510001
-18.143498017 64.5552510520001
-18.14349168 64.5552095790001
-18.143364134 64.555147774
-18.1769142654999 64.55952174
-18.14124206 64.5573376450001
-18.141138597 64.5573355650001
-18.1409532399999 64.5573572150001
-18.1406752249999 64.5574765520001
-18.140551854 64.5575832760001
-18.1406139699999 64.557684813
-18.1407965839999 64.5577314560001
-18.140953409 64.557728454
-18.141049042 64.5576892010001
-18.1410584619999 64.5576227110001
-18.1409368029999 64.5575347290001
-18.140925657 64.5575021430001
-18.140992565 64.5574598040001
-18.141245168 64.5573803930001
-18.141276788 64.5573525510001
-18.14124206 64.5573376450001
-18.1769142654999 64.55952174
-18.1422710329999 64.5278821460001
-18.1423360819999 64.5278331210001
-18.142353645 64.5277868310001
-18.1423174349999 64.527754896
-18.142241902 64.5277350750001
-18.142067406 64.5277351570001
-18.141870793 64.5277718400001
-18.1418291849999 64.52779831
-18.141833166 64.527825115
-18.141517769 64.527919077
-18.141420519 64.527970618
-18.141416133 64.5280026990001
-18.141626113 64.5280074830001
-18.1420703979999 64.5279492780001
-18.1422710329999 64.5278821460001
-18.1769142654999 64.55952174
-18.1424762079999 64.528021306
-18.142399106 64.528018769
-18.1423093089999 64.5280368300001
-18.142228205 64.5281136940001
-18.142372199 64.5282603960001
-18.1425502499999 64.5282690720001
-18.142705715 64.5282339120001
-18.142653859 64.528071245
-18.1424762079999 64.528021306
-18.1769142654999 64.55952174
-18.1351436699999 64.5514919380001
-18.1353614609999 64.5515022690001
-18.135463417 64.551462057
-18.135490805 64.5513331280001
-18.1353325499999 64.5512786410001
-18.135192354 64.551281294
-18.1351105329999 64.551323203
-18.135097484 64.5513922800001
-18.1351436699999 64.5514919380001
-18.1769142654999 64.55952174
-18.14224059 64.5543194630001
-18.142217248 64.5542826970001
-18.1421240289999 64.5542455660001
-18.142042069 64.5542461300001
-18.1417890939999 64.5544044930001
-18.141773002 64.5544430850001
-18.1418151779999 64.554460894
-18.141960898 64.5544699430001
-18.1420741279999 64.5544559240001
-18.142149568 64.5544234480001
-18.1422197759999 64.5543615500001
-18.14224059 64.5543194630001
-18.1769142654999 64.55952174
-18.14333471 64.5557575760001
-18.1434106689999 64.5557728810001
-18.1436299499999 64.5557575170001
-18.143754594 64.5556897480001
-18.1437388589999 64.555630126
-18.14363235 64.5556005400001
-18.143423233 64.5555937880001
-18.143364199 64.5556149700001
-18.1433535159999 64.5556442960001
-18.143291631 64.5557257290001
-18.14333471 64.5557575760001
-18.1769142654999 64.55952174
-18.133271309 64.56379037
-18.1331414809999 64.5637519100001
-18.133032022 64.5637698800001
-18.132804769 64.5638290460001
-18.1328232459999 64.563866235
-18.133073241 64.56392199
-18.133256361 64.5639046030001
-18.133316996 64.563858295
-18.133271309 64.56379037
-18.1769142654999 64.55952174
-18.14628708 64.5939483650001
-18.1461654309999 64.5939446530001
-18.146060346 64.593978732
-18.145987969 64.5940294150001
-18.145969125 64.5940971570001
-18.146015446 64.5941207000001
-18.146199279 64.594110679
-18.146360026 64.5940451070001
-18.1463555039999 64.59396522
-18.14628708 64.5939483650001
-18.1769142654999 64.55952174
-18.134132478 64.549825233
-18.1340729199999 64.5498113200001
-18.133968587 64.549819288
-18.133752682 64.549884008
-18.133577981 64.5499127740001
-18.1335796239999 64.549938786
-18.1336550519999 64.549948973
-18.133996291 64.549930719
-18.1341009829999 64.5498961490001
-18.134132478 64.549825233
-18.1769142654999 64.55952174
-18.142765625 64.555773399
-18.1428205669999 64.555731134
-18.14283083 64.5556861040001
-18.142663043 64.5556439910001
-18.1425075449999 64.555674546
-18.142476071 64.555728323
-18.142572899 64.5558046150001
-18.1426542139999 64.555806853
-18.142765625 64.555773399
-18.1769142654999 64.55952174
-18.133574648 64.5503602110001
-18.133624465 64.5503792470001
-18.133745624 64.5503577590001
-18.1338702269999 64.5502397390001
-18.1338630239999 64.5502002690001
-18.133818269 64.5501788990001
-18.1336736439999 64.55018247
-18.133569682 64.55032393
-18.133574648 64.5503602110001
-18.1769142654999 64.55952174
-18.1476298919999 64.5327394870001
-18.147656013 64.5327059430001
-18.1476123689999 64.5326700570001
-18.1473075489999 64.5326341030001
-18.147190445 64.532679231
-18.1472160659999 64.532717447
-18.147495068 64.532762
-18.1475616239999 64.5327605730001
-18.1476298919999 64.5327394870001
-18.1769142654999 64.55952174
-18.146762817 64.53147291
-18.146568385 64.531466187
-18.1464739469999 64.5314987690001
-18.146507271 64.531575354
-18.146819003 64.5315950190001
-18.1468669499999 64.531575746
-18.1468643929999 64.531533939
-18.146762817 64.53147291
-18.1769142654999 64.55952174
-18.1323415599999 64.5504130670001
-18.1322086489999 64.550353247
-18.1321333619999 64.5503494280001
-18.1319746299999 64.5503808500001
-18.131953106 64.5504121070001
-18.131993591 64.55044947
-18.132191023 64.550477308
-18.132304888 64.550471658
-18.1323415599999 64.5504130670001
-18.1769142654999 64.55952174
-18.081028121 64.5346788700001
-18.080936086 64.5346269550001
-18.0808519619999 64.5346308320001
-18.080757364 64.5346743950001
-18.080726506 64.5347519960001
-18.0807932439999 64.5347591870001
-18.08093337 64.534742303
-18.081002261 64.53471726
-18.081028121 64.5346788700001
-18.1769142654999 64.55952174
-18.1397442919999 64.559845205
-18.139453379 64.5598180860001
-18.139352441 64.5598351310001
-18.139309828 64.5598594990001
-18.1393783029999 64.559894517
-18.1394685449999 64.559903401
-18.139656809 64.559883277
-18.1397442919999 64.559845205
